+---+---+---+---+---+---+---+---+---+
|   |   |   |   |   |   |   |   |   |
|   | 3 | 5 |   | 1 | 2 |   | 8 | 9 |
|   |   |   |   |   |   |   |   |   |
+---+---+---+---+---+---+---+---+---+
|   |   |   |   |   |   |   |   |   |
|   | 8 |   |   |   | 6 | 2 | 3 |   |
|   |   |   |   |   |   |   |   |   |
+---+---+---+---+---+---+---+---+---+
|   |   |   |   |   |   |   |   |   |
|   | 2 |   | 8 |   |   | 5 | 6 | 7 |
|   |   |   |   |   |   |   |   |   |
+---+---+---+---+---+---+---+---+---+
|   |   |   |   |   |   |   |   |   |
|   |   |   | 4 | 2 |   |   | 1 |   |
|   |   |   |   |   |   |   |   |   |
+---+---+---+---+---+---+---+---+---+
|   |   |   |   |   |   |   |   |   |
| 1 |   |   |   |   |   |   |   | 5 |
|   |   |   |   |   |   |   |   |   |
+---+---+---+---+---+---+---+---+---+
|   |   |   |   |   |   |   |   |   |
|   | 6 |   |   | 5 | 8 |   |   |   |
|   |   |   |   |   |   |   |   |   |
+---+---+---+---+---+---+---+---+---+
|   |   |   |   |   |   |   |   |   |
| 8 | 9 | 6 |   |   | 7 |   | 5 |   |
|   |   |   |   |   |   |   |   |   |
+---+---+---+---+---+---+---+---+---+
|   |   |   |   |   |   |   |   |   |
|   | 5 | 3 | 9 |   |   |   | 4 |   |
|   |   |   |   |   |   |   |   |   |
+---+---+---+---+---+---+---+---+---+
|   |   |   |   |   |   |   |   |   |
| 7 | 1 |   | 2 | 6 |   | 8 | 9 |   |
|   |   |   |   |   |   |   |   |   |
+---+---+---+---+---+---+---+---+---+
+---+---+---+---+---+---+---+---+---+
|   |   |   |   |   |   |   |   |   |
| 6 | 3 | 5 | 7 | 1 | 2 | 4 | 8 | 9 |
|   |   |   |   |   |   |   |   |   |
+---+---+---+---+---+---+---+---+---+
|   |   |   |   |   |   |   |   |   |
| 4 | 8 | 7 | 5 | 9 | 6 | 2 | 3 | 1 |
|   |   |   |   |   |   |   |   |   |
+---+---+---+---+---+---+---+---+---+
|   |   |   |   |   |   |   |   |   |
| 9 | 2 | 1 | 8 | 3 | 4 | 5 | 6 | 7 |
|   |   |   |   |   |   |   |   |   |
+---+---+---+---+---+---+---+---+---+
|   |   |   |   |   |   |   |   |   |
| 5 | 7 | 9 | 4 | 2 | 3 | 6 | 1 | 8 |
|   |   |   |   |   |   |   |   |   |
+---+---+---+---+---+---+---+---+---+
|   |   |   |   |   |   |   |   |   |
| 1 | 4 | 8 | 6 | 7 | 9 | 3 | 2 | 5 |
|   |   |   |   |   |   |   |   |   |
+---+---+---+---+---+---+---+---+---+
|   |   |   |   |   |   |   |   |   |
| 3 | 6 | 2 | 1 | 5 | 8 | 9 | 7 | 4 |
|   |   |   |   |   |   |   |   |   |
+---+---+---+---+---+---+---+---+---+
|   |   |   |   |   |   |   |   |   |
| 8 | 9 | 6 | 3 | 4 | 7 | 1 | 5 | 2 |
|   |   |   |   |   |   |   |   |   |
+---+---+---+---+---+---+---+---+---+
|   |   |   |   |   |   |   |   |   |
| 2 | 5 | 3 | 9 | 8 | 1 | 7 | 4 | 6 |
|   |   |   |   |   |   |   |   |   |
+---+---+---+---+---+---+---+---+---+
|   |   |   |   |   |   |   |   |   |
| 7 | 1 | 4 | 2 | 6 | 5 | 8 | 9 | 3 |
|   |   |   |   |   |   |   |   |   |
+---+---+---+---+---+---+---+---+---+
